8222838654177922817725562880000000
2350561331282878571829474910515074683828862318181142924420699914240000000000000
5040
31469973260387937525653122354950764088012280797258232192163168247821107200000000000000
815915283247897734345611269596115894272000000000
40320
894618213078297528685144171539831652069808216779571907213868063227837990693501860533361810841010176000000000000000000
620448401733239439360000
403291461126605635584000000
710998587804863451854045647463724949736497978881168458687447040000000000000
