1307674368000
304888344611713860501504000000
850478588567862317521167644239926010288584608120796235886430763388588680378079017697280000000000000000
479001600
720
11978571669969891796072783721689098736458938142546425857555362864628009582789845319680000000000000000
1485715964481761497309522733620825737885569961284688766942216863704985393094065876545992131370884059645617234469978112000000000000000000000
362880
5040
9426890448883247745626185743057242473809693764078951663494238777294707070023223798882976159207729119823605850588608460429412647567360000000000000000000000
